*Vertices 399
0 26
1 27
2 28
3 47
4 48
5 50
6 62
7 75
8 77
9 83
10 95
11 100
12 102
13 104
14 114
15 120
16 150
17 162
18 167
19 214
20 219
21 229
22 231
23 255
24 269
25 284
26 309
27 319
28 331
29 332
30 341
31 345
32 360
33 365
34 381
35 395
36 400
37 403
38 406
39 409
40 417
41 423
42 425
43 440
44 446
45 450
46 462
47 477
48 481
49 517
50 530
51 533
52 540
53 545
54 557
55 574
56 576
57 584
58 585
59 589
60 597
61 607
62 609
63 612
64 633
65 637
66 638
67 651
68 653
69 654
70 684
71 704
72 719
73 755
74 759
75 798
76 836
77 843
78 850
79 858
80 863
81 866
82 870
83 883
84 895
85 906
86 911
87 912
88 930
89 935
90 936
91 939
92 948
93 974
94 987
95 1012
96 1017
97 1036
98 1037
99 1045
100 1058
101 1059
102 1067
103 1074
104 1086
105 1098
106 1104
107 1115
108 1123
109 1131
110 1197
111 1208
112 1212
113 1222
114 1240
115 1242
116 1244
117 1247
118 1265
119 1271
120 1272
121 1279
122 1287
123 1307
124 1319
125 1323
126 1324
127 1341
128 1372
129 1383
130 1385
131 1387
132 1393
133 1414
134 1428
135 1432
136 1443
137 1454
138 1459
139 1477
140 1492
141 1561
142 1564
143 1579
144 1588
145 1648
146 1656
147 1657
148 1682
149 1686
150 1689
151 1693
152 1782
153 1793
154 1826
155 1851
156 1853
157 1855
158 1891
159 1936
160 1985
161 2011
162 2029
163 2038
164 2040
165 2113
166 2115
167 2144
168 2177
169 2186
170 2213
171 2227
172 2236
173 2237
174 2256
175 2257
176 2345
177 2351
178 2355
179 2377
180 2383
181 2403
182 2447
183 2452
184 2468
185 2477
186 2478
187 2485
188 2490
189 2492
190 2507
191 2519
192 2521
193 2531
194 2583
195 2657
196 2725
197 2742
198 2747
199 2757
200 2841
201 2869
202 2914
203 2921
204 2960
205 2963
206 3022
207 3135
208 3342
209 3394
210 3416
211 3463
212 3496
213 3627
214 3937
215 3938
216 3947
217 3978
218 3996
219 4081
220 4123
221 4166
222 4256
223 4285
224 4298
225 4363
226 4677
227 4692
228 4873
229 5012
230 5119
231 5244
232 5295
233 5328
234 5356
235 5357
236 5419
237 5614
238 5656
239 5679
240 5723
241 5749
242 5888
243 6000
244 6050
245 6144
246 6227
247 6486
248 6713
249 7148
250 7629
251 7683
252 8091
253 8092
254 8103
255 8377
256 8398
257 8451
258 8452
259 8477
260 8510
261 8552
262 8558
263 8613
264 8646
265 8692
266 8712
267 8714
268 8753
269 8778
270 8855
271 8923
272 8955
273 9074
274 9119
275 9120
276 9145
277 9219
278 9252
279 9264
280 9291
281 9297
282 9325
283 9351
284 9352
285 9370
286 9409
287 9434
288 9455
289 9460
290 9465
291 9500
292 9514
293 9540
294 9552
295 9553
296 9563
297 9564
298 9596
299 9650
300 9654
301 9696
302 9720
303 9741
304 9743
305 9744
306 9772
307 9834
308 9836
309 9860
310 9870
311 9884
312 9894
313 9895
314 9970
315 9993
316 9995
317 10003
318 10004
319 10008
320 10009
321 10123
322 10124
323 10130
324 10155
325 10216
326 10222
327 10238
328 10240
329 10273
330 10283
331 10284
332 10373
333 10387
334 10470
335 10493
336 10534
337 10574
338 10575
339 10579
340 10580
341 10583
342 10585
343 10586
344 10608
345 10627
346 10652
347 10688
348 10763
349 10863
350 10898
351 10951
352 11051
353 11054
354 11199
355 11201
356 11273
357 11276
358 11346
359 11465
360 11476
361 11499
362 11630
363 11632
364 11744
365 11984
366 12078
367 12176
368 12198
369 12226
370 12256
371 12299
372 12359
373 12361
374 12362
375 12449
376 12603
377 12676
378 12678
379 12713
380 12798
381 12849
382 12908
383 12987
384 12995
385 13000
386 13189
387 13268
388 13312
389 13543
390 13580
391 13881
392 14123
393 14146
394 14250
395 14323
396 14330
397 14447
398 14667
*Edges 14114
0 1 0.920619
0 2 0.950988
0 5 0.352398
0 8 0.906551
0 9 0.466809
0 20 1.66073
0 24 1.47841
0 25 1.12359
0 40 1.49946
0 42 0.724638
0 54 0.246266
0 55 0.317454
0 60 0.202116
0 69 0.507498
0 78 0.361448
0 82 0.281126
0 86 1.47841
0 87 1.56542
0 88 1.53557
0 95 0.74444
0 110 1.1301
0 123 0.436956
0 134 1.08193
0 136 0.379797
0 141 0.379797
0 153 1.37345
0 160 1.66073
0 161 0.274437
0 197 0.274437
0 198 1.88387
0 201 0.134675
0 202 1.15633
0 205 0.202116
0 215 0.967584
0 217 0.179127
0 232 1.21178
0 254 1.58841
0 255 1.54295
0 257 1.39837
0 258 1.32426
0 259 2.01741
0 283 1.08522
0 284 1.0729
0 285 1.53557
0 287 1.69463
0 288 0.149274
0 304 1.15406
0 305 1.14497
0 314 1.32426
0 315 1.21859
0 317 0.32573
0 318 0.32573
0 328 0.645501
0 334 1.13434
0 337 1.66073
0 338 1.07294
0 344 2.8647
0 367 1.47841
0 369 0.312658
0 371 1.47841
0 372 1.88387
0 373 1.88387
0 374 1.88387
0 398 1.27845
1 0 0.920619
1 2 1.41287
1 3 0.381504
1 8 0.843676
1 10 0.691097
1 11 0.920644
1 13 0.803919
1 14 0.411357
1 17 0.0195044
1 18 0.561476
1 19 0.858767
1 20 1.08755
1 21 0.275556
1 24 1.09141
1 30 0.206563
1 31 1.26881
1 33 1.01749
1 36 1.42296
1 37 1.07754
1 38 0.0619818
1 39 1.01923
1 46 0.0195696
1 52 0.863343
1 54 0.365168
1 55 0.047593
1 60 0.300816
1 62 0.239789
1 65 0.729811
1 69 0.583383
1 70 0.981481
1 72 1.42296
1 74 0.389558
1 75 1.19981
1 77 1.1294
1 78 0.673722
1 83 2.11611
1 84 1.71064
1 85 1.81382
1 86 1.42296
1 87 1.50997
1 88 1.36233
1 90 0.181245
1 91 2.11611
1 92 0.890995
1 93 0.267438
1 105 1.71064
1 106 1.00519
1 108 1.71064
1 112 0.766179
1 116 1.26881
1 118 0.540569
1 121 0.101203
1 122 0.193506
1 124 0.958653
1 125 1.11758
1 126 1.11758
1 130 0.863343
1 134 0.911098
1 136 0.766179
1 137 1.03107
1 142 1.42296
1 143 0.303204
1 149 0.612028
1 150 1.03922
1 151 0.506668
1 153 1.02579
1 155 0.940058
1 156 0.983666
1 157 1.05357
1 160 1.08224
1 161 0.131974
1 164 0.729811
1 165 0.897081
1 167 1.28943
1 174 0.76156
1 175 1.26881
1 177 1.6461
1 180 1.42296
1 181 0.277826
1 185 0.373136
1 187 0.863343
1 188 0.135104
1 189 0.300816
1 190 0.381504
1 197 0.131974
1 198 0.952955
1 201 0.233374
1 202 0.612028
1 205 0.146665
1 207 0.110772
1 212 1.82842
1 213 1.42296
1 215 1.19981
1 217 0.411357
1 218 0.0879573
1 219 0.358248
1 221 1.26881
1 224 1.94426
1 225 1.6461
1 227 1.60528
1 234 1.19981
1 235 1.19981
1 241 1.01749
1 243 0.101203
1 244 1.03784
1 247 0.0670111
1 249 0.863343
1 251 1.42296
1 252 2.11611
1 253 0.916313
1 254 2.11611
1 255 1.13728
1 257 0.937451
1 258 1.08649
1 259 1.08769
1 262 0.885956
1 267 0.101203
1 269 0.889117
1 270 0.889117
1 277 1.01749
1 281 1.09237
1 282 0.557961
1 283 0.918813
1 284 0.882355
1 285 1.36233
1 287 1.1467
1 288 0.294493
1 289 1.60528
1 290 0.863343
1 293 0.244303
1 295 0.863343
1 298 1.28943
1 301 1.42296
1 302 1.26881
1 303 1.92195
1 304 0.918773
1 305 0.912613
1 307 0.324346
1 308 0.442129
1 309 2.11611
1 310 1.19981
1 312 0.880279
1 313 0.945174
1 314 0.170195
1 315 0.961058
1 316 1.71064
1 319 0.270279
1 320 0.218986
1 321 0.373136
1 324 1.09169
1 327 1.07235
1 328 1.01749
1 329 0.557961
1 330 0.381504
1 331 0.324346
1 332 0.9808
1 333 1.71064
1 334 0.91133
1 335 1.49707
1 336 1.08322
1 337 1.19981
1 338 0.835172
1 339 1.26881
1 340 1.26881
1 341 0.114626
1 342 0.300816
1 343 1.16702
1 344 1.06147
1 348 0.135104
1 349 1.42296
1 350 0.199183
1 353 0.863343
1 355 0.170195
1 360 0.411357
1 365 0.101203
1 367 0.324346
1 369 0.170195
1 371 2.11611
1 372 0.729811
1 373 0.729811
1 390 1.87494
1 398 0.769524
2 0 0.950988
2 1 1.41287
2 3 0.165858
2 4 0.195711
2 5 1.00948
2 8 1.4005
2 14 0.0903503
2 17 0.0838177
2 18 1.07177
2 20 0.984168
2 21 1.23856
2 25 1.05316
2 28 0.183106
2 31 1.34084
2 33 1.49499
2 36 0.801847
2 37 0.291021
2 39 1.05598
2 40 0.940683
2 44 0.903987
2 46 0.125507
2 47 1.90046
2 49 0.291021
2 51 1.00775
2 52 0.647696
2 54 1.13534
2 65 0.647696
2 67 0.396381
2 70 1.05316
2 72 0.801847
2 73 0.0546322
2 74 0.31499
2 75 1.38963
2 77 0.676683
2 80 0.10192
2 84 1.49499
2 85 1.7094
2 86 1.02499
2 87 1.112
2 88 1.46514
2 90 0.331843
2 91 0.737308
2 95 0.291021
2 101 0.135086
2 103 0.801847
2 104 1.42089
2 105 1.49499
2 106 0.984168
2 110 0.45354
2 112 0.396381
2 116 1.74631
2 118 1.13585
2 124 1.05316
2 125 0.565458
2 126 0.565458
2 129 0.801847
2 130 0.360014
2 133 0.963438
2 134 0.941112
2 136 0.619525
2 137 0.26285
2 138 1.04248
2 145 1.49499
2 151 0.696486
2 152 0.982374
2 153 1.06946
2 155 0.97825
2 156 1.02534
2 157 0.226482
2 163 1.49499
2 167 1.10545
2 168 0.984168
2 173 1.05134
2 174 0.663696
2 175 0.647696
2 177 1.43046
2 180 1.20731
2 182 0.903466
2 185 0.15749
2 188 0.0736081
2 189 0.2187
2 191 1.49499
2 198 0.737308
2 202 0.628183
2 204 1.61278
2 205 1.00397
2 206 0.984168
2 207 0.34711
2 215 0.696486
2 216 0.927191
2 217 0.275753
2 218 0.565458
2 221 0.647696
2 223 0.801847
2 224 0.565458
2 225 1.61278
2 230 0.969104
2 232 0.535218
2 234 1.67732
2 235 1.67732
2 244 0.984168
2 254 1.13499
2 255 1.13832
2 258 0.647696
2 259 0.647696
2 260 0.587071
2 263 1.90046
2 266 1.90046
2 267 0.926166
2 268 1.61278
2 271 0.922679
2 277 1.02499
2 281 0.737308
2 283 0.94477
2 284 0.909513
2 285 1.46514
2 286 0.950284
2 287 0.479073
2 288 0.0788464
2 289 1.38963
2 290 1.05316
2 294 1.07568
2 295 1.01787
2 298 1.90046
2 303 1.55215
2 304 0.950722
2 305 0.944331
2 307 0.108699
2 309 1.90046
2 314 0.177692
2 315 0.995257
2 316 1.49499
2 319 0.939565
2 320 0.973037
2 321 0.291021
2 324 1.14669
2 327 0.984168
2 328 1.06755
2 330 0.165858
2 331 0.396381
2 334 0.940641
2 336 1.20731
2 337 0.984168
2 339 1.25383
2 340 1.25383
2 341 0.235451
2 342 0.2187
2 343 1.10553
2 344 1.49499
2 346 0.165858
2 347 1.90046
2 350 0.771994
2 351 0.0546322
2 353 1.56399
2 354 0.965576
2 355 0.992815
2 358 0.342314
2 360 0.601176
2 362 1.03412
2 363 1.03029
2 367 1.15017
2 369 0.0415601
2 370 0.953934
2 371 1.02499
2 373 1.08884
2 374 1.90046
2 377 1.38963
2 378 1.49499
2 387 1.69979
2 389 0.969704
2 390 1.6593
2 397 1.06278
3 1 0.381504
3 2 0.165858
3 8 0.369133
3 15 2.09354
3 17 1.32991
3 18 1.60362
3 21 1.3177
3 25 3.2571
3 27 1.56902
3 41 0.116908
3 46 1.44392
3 48 0.632523
3 53 1.3337
3 78 1.4535
3 82 0.45689
3 93 1.09986
3 101 0.229728
3 107 2.48531
3 116 2.41631
3 118 3.54046
3 124 1.90549
3 143 1.08299
3 178 1.10413
3 207 2.42588
3 211 1.11703
3 214 0.778705
3 218 3.96332
3 247 0.681713
3 254 1.69964
3 328 3.3668
3 330 1.34955
3 331 4.71053
3 336 3.15825
4 2 0.195711
4 15 1.83571
4 17 0.777845
4 18 1.22801
4 21 1.34755
4 25 2.5938
4 27 0.905722
4 38 0.440833
4 46 0.891855
4 53 0.670408
4 54 1.08049
4 74 0.385417
4 78 0.790209
4 93 0.59072
4 107 1.82201
4 116 1.75302
4 124 1.24219
4 143 0.573842
4 163 1.96433
4 178 0.440833
4 191 1.4689
4 207 1.76259
4 211 0.453737
4 214 0.115411
4 218 3.30002
4 239 0.172569
4 254 1.03634
4 255 0.99088
4 328 2.81473
4 330 1.21347
4 331 1.30504
4 336 2.49496
4 350 1.27118
5 0 0.352398
5 2 1.00948
5 8 0.284576
5 17 0.763519
5 18 0.825917
5 25 0.744791
5 46 0.877528
5 78 0.675799
5 80 0.0913846
5 85 1.54764
5 88 3.23621
5 114 0.70657
5 115 0.618388
5 118 0.622689
5 124 1.53325
5 125 1.73869
5 126 1.73869
5 134 0.539997
5 138 1.60579
5 140 0.592963
5 171 0.268315
5 188 0.217224
5 189 0.921932
5 193 0.61126
5 197 0.301105
5 202 0.85449
5 205 2.02054
5 215 1.6874
5 218 1.04555
5 237 0.618388
5 257 2.11818
5 258 2.04407
5 259 2.73722
5 283 0.876469
5 285 3.23621
5 295 1.75639
5 318 0.352398
5 319 1.29888
5 320 3.93869
5 328 0.449025
5 337 2.38055
5 338 2.19823
5 342 0.921932
5 343 1.65461
5 344 3.58452
5 350 1.15677
5 362 1.60108
5 363 1.59869
5 367 1.71821
5 369 0.339326
5 372 3.98998
5 373 1.66359
5 374 3.98998
6 14 1.26942
6 16 0.0613436
6 41 0.347432
6 43 0.332679
6 55 0.199671
6 60 2.04794
6 82 0.112049
6 99 0.347432
6 101 0.865716
6 122 0.97907
6 181 2.02495
6 201 1.9805
6 217 3.22893
6 222 0.186028
6 243 3.10109
6 250 4.47414
6 282 2.45924
6 329 2.45924
6 365 1.54498
6 385 4.71053
7 10 0.746548
7 15 0.832409
7 17 1.08572
7 18 0.853316
7 25 0.549047
7 30 1.82016
7 40 0.63724
7 46 1.17822
7 51 1.51613
7 60 1.3548
7 63 1.5294
7 65 0.733969
7 69 0.197343
7 78 0.192372
7 93 0.349557
7 97 3.50656
7 98 1.45982
7 101 0.221359
7 104 1.15518
7 114 1.83258
7 116 1.15518
7 117 0.572701
7 118 0.544727
7 122 0.452557
7 143 0.332679
7 166 1.63476
7 170 0.709277
7 171 2.42395
7 176 3.50656
7 181 1.33181
7 193 1.73727
7 201 1.28735
7 202 1.00705
7 207 0.248461
7 218 0.562119
7 232 0.349557
7 247 0.193771
7 255 1.08619
7 260 0.673345
7 276 3.50656
7 288 1.23296
7 292 3.50656
7 293 1.8579
7 324 1.36649
7 328 0.371064
7 341 1.84155
7 354 2.81341
7 355 2.47694
8 0 0.906551
8 1 0.843676
8 2 1.4005
8 3 0.369133
8 5 0.284576
8 10 0.678725
8 11 0.901007
8 13 0.791548
8 14 0.398986
8 15 0.933663
8 18 0.549105
8 19 0.837951
8 20 1.07213
8 21 0.263185
8 24 1.07578
8 25 1.31528
8 30 0.194192
8 31 1.25644
8 33 1.00512
8 34 0.0962662
8 36 1.41059
8 37 1.06486
8 38 0.0496105
8 39 1.00565
8 40 0.892644
8 42 0.25135
8 49 0.494296
8 52 0.850971
8 54 0.392017
8 55 0.056728
8 60 0.288444
8 62 0.227417
8 65 0.71744
8 67 0.599657
8 69 0.571011
8 70 0.963798
8 72 1.41059
8 74 0.377187
8 75 1.18744
8 77 1.11536
8 78 0.66135
8 83 2.10373
8 84 1.69827
8 85 1.80145
8 86 1.41059
8 87 1.4976
8 88 1.34996
8 90 0.168874
8 91 2.10373
8 92 0.870798
8 93 0.255067
8 105 1.69827
8 106 0.987975
8 108 1.69827
8 112 0.753808
8 116 1.25644
8 118 0.528198
8 121 0.0888312
8 122 0.181135
8 124 0.946281
8 125 1.10521
8 126 1.10521
8 130 0.850971
8 134 0.895375
8 137 1.01771
8 142 1.41059
8 143 0.290832
8 148 0.577678
8 149 0.599657
8 150 1.0252
8 151 0.494296
8 153 1.00936
8 155 0.921796
8 156 0.96611
8 157 1.03995
8 160 1.06675
8 164 0.71744
8 165 0.877188
8 167 1.27706
8 174 0.749189
8 175 1.25644
8 177 1.63373
8 180 1.41059
8 181 0.265455
8 185 0.360765
8 187 0.850971
8 188 0.122733
8 189 0.288444
8 190 0.369133
8 197 0.119603
8 198 0.940583
8 201 0.221003
8 202 0.599657
8 205 0.134294
8 207 0.0984007
8 212 1.81605
8 213 1.41059
8 215 1.18744
8 217 0.398986
8 218 0.075586
8 219 0.345876
8 221 1.25644
8 224 1.93188
8 225 1.63373
8 227 1.59291
8 232 1.04521
8 234 1.18744
8 241 1.00512
8 243 0.0888312
8 244 1.02142
8 247 0.0546398
8 249 0.850971
8 251 1.41059
8 254 2.10373
8 255 1.12579
8 257 0.925079
8 258 1.07411
8 259 1.07233
8 260 0.656815
8 262 0.866217
8 267 0.0888312
8 269 0.869414
8 270 0.869414
8 277 1.00512
8 281 1.07749
8 282 0.54559
8 283 0.9031
8 284 0.863288
8 287 1.13433
8 288 0.282122
8 289 1.59291
8 290 0.850971
8 293 0.231932
8 294 1.4847
8 298 1.27706
8 302 1.25644
8 303 0.993139
8 304 0.900876
8 305 0.894499
8 307 0.311975
8 308 0.429758
8 309 2.10373
8 310 1.18744
8 313 0.929323
8 314 0.157824
8 315 0.944394
8 316 1.69827
8 318 0.170896
8 319 0.257908
8 320 0.206614
8 321 0.360765
8 324 1.07607
8 327 1.05636
8 328 1.00512
8 329 0.54559
8 330 0.369133
8 331 0.311975
8 332 0.964307
8 333 1.69827
8 335 1.4847
8 336 1.06865
8 337 1.18744
8 338 0.8228
8 339 1.25644
8 340 1.25644
8 341 0.102254
8 342 0.288444
8 343 1.15465
8 344 1.04473
8 348 0.122733
8 349 1.41059
8 350 0.186812
8 353 0.850971
8 355 0.157824
8 360 0.398986
8 365 0.0888312
8 368 0.888185
8 369 0.157824
8 371 2.10373
8 372 0.71744
8 373 0.71744
8 374 0.71744
8 390 0.94575
8 398 0.757153
9 0 0.466809
9 12 2.43669
9 16 0.148355
9 28 0.129919
9 55 0.153151
9 60 1.03634
9 65 0.995334
9 69 0.189044
9 74 0.586088
9 80 0.577465
9 82 0.199061
9 90 0.164201
9 101 0.482724
9 115 0.887373
9 132 2.36979
9 134 0.654407
9 140 0.857818
9 158 2.43042
9 162 0.434443
9 174 1.36355
9 181 1.01335
9 201 0.968901
9 205 1.03634
9 237 0.887159
9 238 1.99418
9 260 0.934709
9 283 0.99088
9 287 1.83571
9 310 3.59357
9 322 1.96433
10 1 0.691097
10 7 0.746548
10 8 0.678725
10 11 3.09792
10 13 1.17278
10 18 0.578213
10 24 1.4397
10 25 0.273944
10 36 1.41137
10 37 0.774719
10 40 0.767601
10 49 1.9097
10 63 1.13651
10 70 1.97869
10 78 0.610416
10 83 1.18665
10 89 1.02509
10 90 0.178564
10 92 1.03313
10 93 0.410926
10 107 0.949072
10 112 0.628765
10 118 0.269624
10 122 0.0720929
10 123 1.31453
10 124 0.369254
10 142 1.28598
10 143 0.394048
10 144 0.490615
10 148 1.19457
10 165 1.03903
10 166 1.35965
10 175 1.3063
10 178 0.26104
10 184 0.628765
10 194 1.62202
10 199 0.977329
10 200 1.15201
10 201 0.0959604
10 202 0.843175
10 205 0.163402
10 207 0.889649
10 208 1.07694
10 212 1.27819
10 219 0.962771
10 221 1.25754
10 224 1.38563
10 226 1.02297
10 227 1.15573
10 232 1.32722
10 245 1.84516
10 247 0.244091
10 249 1.28554
10 254 0.568867
10 255 0.523404
10 258 1.28554
10 264 1.28554
10 283 0.117939
10 296 3.23145
10 297 1.28718
10 301 1.30681
10 302 2.89498
10 322 1.49685
10 328 0.0959604
10 346 1.09139
10 371 1.4397
11 1 0.920644
11 8 0.901007
11 10 3.09792
11 92 2.40552
11 164 1.11448
11 165 2.29947
11 212 5.23378
11 232 1.6012
11 398 0.0640053
12 9 2.43669
12 14 0.72189
12 16 0.303179
12 21 0.180623
12 23 2.02117
12 33 2.12653
12 37 1.6847
12 40 0.761292
12 50 3.22515
12 54 0.606707
12 60 0.968023
12 62 1.86552
12 69 0.756714
12 74 1.03202
12 77 2.18369
12 80 0.889593
12 88 2.87684
12 91 2.24432
12 101 0.191261
12 102 2.71432
12 104 1.27924
12 107 0.837403
12 115 1.08993
12 117 1.16676
12 118 0.66878
12 122 0.758931
12 132 1.89601
12 136 0.334774
12 137 1.65653
12 139 2.02117
12 140 1.06712
12 143 0.100057
12 148 2.28688
12 149 2.12653
12 150 1.58292
12 157 1.77431
12 158 1.95663
12 161 0.634878
12 162 0.771589
12 163 1.49054
12 170 1.30333
12 174 1.29524
12 188 1.24414
12 195 2.71432
12 197 0.634878
12 201 0.900581
12 202 0.377333
12 207 0.777979
12 213 3.34293
12 218 1.09164
12 219 2.66121
12 224 2.07247
12 236 1.1457
12 237 1.08981
12 238 1.74354
12 239 1.08508
12 241 2.12653
12 247 0.748607
12 248 1.6847
12 251 3.34293
12 254 0.562558
12 255 0.517095
12 278 2.19851
12 285 2.87684
12 288 0.10425
12 308 1.55117
12 318 0.686172
12 321 2.77494
12 322 1.49054
12 328 0.495116
12 352 3.63061
12 369 0.673099
12 384 0.771589
12 395 3.22515
12 397 2.532
12 398 0.313221
13 1 0.803919
13 8 0.791548
13 10 1.17278
13 18 0.773273
13 24 2.55105
13 25 1.38529
13 36 1.90884
13 37 1.88607
13 40 0.492658
13 46 0.131737
13 54 0.0661398
13 70 3.09004
13 78 1.02862
13 93 0.492658
13 107 1.14413
13 115 0.683527
13 118 1.38098
13 124 1.48061
13 130 3.78319
13 137 1.8579
13 140 0.658102
13 142 4.16048
13 162 0.385172
13 164 1.16643
13 175 1.785
13 199 1.46142
13 202 0.396381
13 205 1.27475
13 207 1.08471
13 226 1.5235
13 227 1.63779
13 237 0.683527
13 247 0.767655
13 249 2.3969
13 254 1.68022
13 255 1.63476
13 301 4.34281
13 322 2.6082
13 328 1.20731
13 371 2.55105
13 384 0.385172
14 1 0.411357
14 2 0.0903503
14 6 1.26942
14 8 0.398986
14 12 0.72189
14 32 1.39634
14 34 0.0820238
14 35 1.26755
14 41 0.446866
14 50 1.80181
14 55 0.370564
14 60 1.21866
14 67 1.39634
14 71 2.11196
14 73 1.34228
14 74 0.539568
14 76 2.49496
14 80 0.0626941
14 81 0.820981
14 82 0.199061
14 88 1.16582
14 99 0.446866
14 104 0.549047
14 122 0.956264
14 123 0.0672087
14 132 1.67665
14 135 0.549047
14 146 2.90042
14 147 1.25858
14 148 1.41642
14 155 2.20727
14 156 2.20727
14 157 0.127833
14 158 1.73727
14 159 2.05312
14 161 0.71562
14 162 0.329083
14 173 1.17766
14 177 1.91959
14 181 1.19567
14 195 2.67728
14 197 0.71562
14 201 1.26901
14 205 0.237834
14 217 1.15538
14 219 2.71118
14 222 0.356921
14 224 1.34228
14 238 1.01335
14 241 1.45876
14 243 1.27316
14 245 1.29098
14 248 1.24219
14 250 1.30272
14 254 0.237834
14 255 0.192372
14 260 0.0672087
14 282 1.38188
14 285 1.16582
14 296 2.90042
14 303 1.16582
14 311 1.39634
14 314 0.66683
14 315 0.885519
14 318 0.515599
14 329 1.3561
14 333 1.2617
14 343 0.565047
14 345 2.11196
14 346 0.760356
14 350 0.760356
14 357 1.13916
14 361 1.24958
14 369 0.502527
14 382 1.39634
14 384 0.329083
14 385 2.90042
14 387 1.19567
14 390 1.35998
14 391 1.21168
14 395 1.34171
14 397 1.80181
14 398 0.117115
15 3 2.09354
15 4 1.83571
15 7 0.832409
15 8 0.933663
15 17 1.28665
15 18 1.55882
15 20 2.91185
15 21 1.48588
15 25 2.93432
15 31 4.1595
15 33 2.72953
15 46 1.27861
15 49 2.2187
15 54 0.362406
15 86 2.44185
15 87 2.52886
15 93 0.971246
15 104 1.88223
15 116 2.12293
15 118 3.35122
15 124 2.2877
15 128 1.96084
15 143 0.954368
15 160 2.91185
15 163 0.994928
15 167 2.10142
15 171 0.511937
15 207 1.38098
15 211 1.2761
15 214 1.22545
15 218 2.20546
15 225 2.18037
15 232 1.76975
15 247 0.994928
15 254 2.55185
15 255 2.50639
15 277 2.44185
15 289 2.1778
15 298 4.23361
15 324 2.78669
15 327 2.91185
15 328 3.17755
15 330 2.09354
15 331 2.03638
15 336 2.62417
15 350 1.80586
15 353 2.98084
16 6 0.0613436
16 9 0.148355
16 12 0.303179
16 22 0.284487
16 26 1.0546
16 28 0.778215
16 29 0.179127
16 32 1.56542
16 33 0.466809
16 41 0.611819
16 43 0.733348
16 48 0.926762
16 52 0.791826
16 54 0.150956
16 61 0.266138
16 65 0.584592
16 69 0.202116
16 71 0.934991
16 73 0.700424
16 74 0.181818
16 79 0.749635
16 80 0.737455
16 82 0.766167
16 85 0.732512
16 86 0.179127
16 87 0.266138
16 88 0.678118
16 90 0.683263
16 99 0.611819
16 101 0.747524
16 104 1.08585
16 109 1.56542
16 110 0.341646
16 111 0.706956
16 113 0.64913
16 115 0.796514
16 121 0.823066
16 123 0.850181
16 132 0.959848
16 141 0.858582
16 142 0.872274
16 153 0.312658
16 154 0.60261
16 158 0.931707
16 161 1.5272
16 162 0.81283
16 163 0.341646
16 169 1.15996
16 174 0.077344
16 184 0.793514
16 185 1.09542
16 188 0.860713
16 189 1.06232
16 197 1.5272
16 203 0.466809
16 205 0.512271
16 210 1.56542
16 222 0.490906
16 226 1.15996
16 227 0.64913
16 228 0.284487
16 229 0.466809
16 231 0.915953
16 236 0.728303
16 239 1.05132
16 240 0.922125
16 241 0.977634
16 242 0.386766
16 246 0.64913
16 248 1.00581
16 260 0.657499
16 263 1.15996
16 264 0.848932
16 266 1.15996
16 268 0.872274
16 275 0.535802
16 278 0.496223
16 279 1.56542
16 282 0.566892
16 285 0.678118
16 288 0.60401
16 290 0.312658
16 294 0.946382
16 295 0.312658
16 299 0.819115
16 301 0.872274
16 308 0.883446
16 309 0.179127
16 314 0.179127
16 317 0.856228
16 318 0.815883
16 325 0.729371
16 335 0.946382
16 336 0.361448
16 339 1.22895
16 340 1.22895
16 341 0.999026
16 342 1.06232
16 346 0.786437
16 349 0.823103
16 350 0.118502
16 351 0.412742
16 353 0.312658
16 359 0.872274
16 367 0.179127
16 369 0.810102
16 381 0.730579
16 384 0.814505
16 385 1.15996
16 394 0.732073
16 396 0.84123
16 397 0.466809
16 398 0.168408
17 1 0.0195044
17 2 0.0838177
17 3 1.32991
17 4 0.777845
17 5 0.763519
17 7 1.08572
17 15 1.28665
17 18 1.13341
17 20 1.27408
17 21 0.364833
17 23 1.11695
17 24 1.2879
17 25 1.2374
17 30 0.336662
17 31 1.25581
17 33 1.0786
17 36 0.924449
17 46 0.722376
17 47 0.956599
17 49 1.10281
17 54 0.166763
17 60 0.276764
17 64 0.828414
17 68 0.924449
17 78 0.541457
17 86 1.24496
17 87 1.27541
17 88 0.28846
17 93 1.05211
17 97 0.863435
17 98 0.938352
17 106 1.09095
17 107 0.945602
17 114 0.837043
17 116 1.30305
17 118 1.10583
17 120 0.231302
17 124 1.35928
17 125 1.14779
17 126 1.12381
17 128 0.863789
17 130 0.0771511
17 133 1.04223
17 139 1.12089
17 143 1.04641
17 145 0.840574
17 153 1.12442
17 159 0.482616
17 160 1.22348
17 163 0.693925
17 167 1.19379
17 171 0.830823
17 175 0.770298
17 176 1.32991
17 181 0.318313
17 182 0.819088
17 191 0.924449
17 193 0.871588
17 196 0.879992
17 207 0.948591
17 211 1.32991
17 214 0.889767
17 215 1.1827
17 218 0.964189
17 221 0.770298
17 225 1.16907
17 230 0.951883
17 232 0.65782
17 234 1.12181
17 235 1.15789
17 241 0.231302
17 242 0.877146
17 244 1.32991
17 247 0.81347
17 252 1.03877
17 254 1.2491
17 255 1.24074
17 261 0.901148
17 263 1.01087
17 265 0.883532
17 266 1.00973
17 268 0.97918
17 271 0.8886
17 274 0.884071
17 276 0.923554
17 285 0.28846
17 289 1.1106
17 292 1.14004
17 293 0.374403
17 298 1.24179
17 303 0.106139
17 309 1.23876
17 319 0.926354
17 320 0.972579
17 324 1.2026
17 325 0.924449
17 326 0.883871
17 327 1.17366
17 328 1.11844
17 330 0.943004
17 331 0.992248
17 353 0.980889
17 355 0.300295
17 366 1.06675
17 368 0.636767
17 371 1.207
17 372 0.349085
17 373 0.349085
17 374 0.349085
17 376 0.928114
17 379 0.903152
17 386 0.924449
17 389 0.819088
17 397 0.636767
18 1 0.561476
18 2 1.07177
18 3 1.60362
18 4 1.22801
18 5 0.825917
18 7 0.853316
18 8 0.549105
18 10 0.578213
18 13 0.773273
18 15 1.55882
18 17 1.13341
18 20 2.01647
18 21 1.99845
18 23 1.4946
18 24 1.54646
18 25 2.25251
18 28 0.302016
18 30 1.65182
18 31 3.26411
18 33 1.83415
18 36 2.23961
18 37 0.476022
18 46 1.40075
18 47 1.45641
18 49 1.44971
18 54 0.565634
18 60 1.36878
18 74 0.417753
18 77 1.19816
18 78 0.940327
18 86 2.23961
18 87 2.32662
18 88 1.19816
18 90 0.285332
18 91 1.25878
18 93 0.769009
18 104 1.39231
18 107 1.64363
18 114 0.34249
18 116 1.59898
18 118 2.57362
18 122 0.754225
18 123 0.505009
18 124 2.34782
18 125 1.08693
18 126 1.08693
18 128 1.37607
18 130 1.39231
18 137 0.447851
18 139 1.49912
18 141 0.447851
18 143 0.752131
18 150 0.597383
18 152 1.44821
18 157 0.565634
18 160 2.01647
18 161 0.0548082
18 163 1.19816
18 164 0.565634
18 167 1.54702
18 171 0.463851
18 174 1.00285
18 175 2.08546
18 181 1.49994
18 188 0.481752
18 193 0.24718
18 196 1.38076
18 197 0.0548082
18 201 1.30134
18 205 0.675635
18 207 1.68956
18 211 0.786177
18 214 0.447851
18 215 1.03564
18 218 1.78008
18 219 1.06954
18 221 2.08546
18 224 1.08693
18 225 1.55721
18 234 1.5481
18 235 1.56781
18 244 2.42193
18 247 1.01583
18 254 2.06193
18 263 2.93276
18 264 0.476022
18 268 2.64508
18 277 1.54646
18 280 1.35941
18 281 1.25878
18 285 1.19816
18 289 1.53561
18 293 1.68956
18 295 0.699165
18 298 3.33822
18 309 1.95193
18 319 1.4924
18 320 1.4411
18 324 1.8913
18 328 2.39995
18 330 1.60362
18 331 1.54646
18 336 2.13425
18 346 1.19816
18 347 3.33822
18 350 1.19816
18 353 2.08546
18 366 1.51073
18 369 0.0930294
18 371 1.54646
18 397 2.23961
19 1 0.858767
19 8 0.837951
19 37 1.55951
19 74 1.50238
19 137 1.43434
19 157 1.56109
19 313 1.2785
20 0 1.66073
20 1 1.08755
20 2 0.984168
20 8 1.07213
20 15 2.91185
20 17 1.27408
20 18 2.01647
20 21 1.44286
20 25 1.80539
20 31 3.35241
20 78 2.27181
20 86 3.10109
20 87 3.1881
20 93 1.0427
20 116 3.23462
20 118 2.2187
20 125 3.33471
20 126 3.33471
20 143 1.02583
20 153 3.64009
20 160 2.3182
20 167 3.21888
20 211 0.549047
20 214 1.19155
20 215 3.28341
20 225 3.91202
20 232 1.74311
20 247 0.961027
20 254 1.85105
20 255 1.82395
20 289 3.97656
20 309 3.50656
20 324 2.28512
20 327 2.29298
20 328 1.74518
21 1 0.275556
21 2 1.23856
21 3 1.3177
21 4 1.34755
21 8 0.263185
21 12 0.180623
21 15 1.48588
21 17 0.364833
21 18 1.99845
21 20 1.44286
21 31 1.45579
21 33 1.66601
21 39 0.549047
21 42 1.18628
21 46 0.368842
21 47 2.76462
21 54 1.50838
21 59 1.21111
21 72 2.35916
21 74 0.609619
21 86 0.972861
21 87 1.05987
21 88 1.03002
21 93 0.138248
21 104 2.11799
21 105 1.3782
21 107 0.259095
21 116 1.53316
21 117 0.929376
21 118 2.07147
21 124 1.00103
21 125 0.513329
21 127 1.30354
21 128 1.2199
21 133 1.28687
21 134 0.413245
21 143 0.12137
21 144 1.96969
21 148 0.322274
21 154 0.954512
21 160 1.44286
21 163 2.29853
21 167 1.46035
21 168 1.23989
21 170 1.06595
21 173 0.531028
21 178 1.90442
21 180 1.38383
21 191 2.35916
21 205 0.389715
21 206 1.25676
21 207 0.422815
21 214 0.241974
21 215 0.462035
21 218 1.32426
21 219 0.0904719
21 225 1.46244
21 232 0.523911
21 241 1.26054
21 247 0.413245
21 254 1.20065
21 255 1.15518
21 277 1.34768
21 285 1.03002
21 289 1.43178
21 291 1.69418
21 294 0.892818
21 295 1.37833
21 298 2.76462
21 300 1.23988
21 306 1.32483
21 314 0.531028
21 315 1.66601
21 316 1.26791
21 321 1.27297
21 324 1.3177
21 327 1.44286
21 328 1.89781
21 330 1.3177
21 331 1.48369
21 335 0.892818
21 336 1.56065
21 347 2.76462
21 348 1.00676
21 350 1.18417
21 370 2.76462
21 375 2.47694
21 387 1.46534
21 397 1.38698
22 16 0.284487
22 27 3.5913
22 29 1.61536
22 38 3.12641
22 41 0.987508
22 43 1.04704
22 48 1.27192
22 53 3.35599
22 55 0.849001
22 73 2.8647
22 80 0.625072
22 82 0.933323
22 90 0.210721
22 99 0.99045
22 184 1.00923
22 185 1.7148
22 188 0.93777
22 189 1.64248
22 222 0.919626
22 228 1.55367
22 288 1.18417
22 342 1.64248
22 396 2.76462
23 12 2.02117
23 17 1.11695
23 18 1.4946
23 28 0.736055
23 30 3.38877
23 46 1.11315
23 49 3.97656
23 60 2.92341
23 62 1.97508
23 69 0.284354
23 80 0.455256
23 90 1.02165
23 115 0.945891
23 122 1.05716
23 139 2.028
23 140 0.920466
23 181 3.12357
23 188 1.93102
23 201 2.85597
23 219 2.62417
23 235 4.38203
23 237 0.945891
23 247 1.03002
23 293 3.42652
23 366 2.21356
24 0 1.47841
24 1 1.09141
24 8 1.07578
24 10 1.4397
24 13 2.55105
24 17 1.2879
24 18 1.54646
24 25 2.38163
24 36 4.01738
24 39 1.80181
24 46 1.26805
24 70 2.33929
24 86 3.32424
24 87 3.41125
24 90 0.328504
24 124 2.65926
24 130 3.17009
24 153 3.86323
24 164 1.42712
24 173 1.78379
24 175 3.86323
24 221 3.86323
24 253 4.71053
24 254 1.87854
24 255 1.84963
24 303 3.38139
24 309 3.7297
24 328 1.57504
24 371 2.52801
25 0 1.12359
25 2 1.05316
25 3 3.2571
25 4 2.5938
25 5 0.744791
25 7 0.549047
25 8 1.31528
25 10 0.273944
25 13 1.38529
25 15 2.93432
25 17 1.2374
25 18 2.25251
25 20 1.80539
25 24 2.38163
25 30 1.05987
25 31 2.92062
25 33 3.00578
25 36 2.56395
25 37 0.394896
25 46 1.23123
25 49 1.93534
25 54 1.1205
25 60 0.594509
25 70 2.00433
25 78 1.32921
25 87 2.46864
25 93 0.842034
25 106 2.34081
25 107 2.00433
25 114 0.261365
25 116 3.20831
25 118 3.18564
25 123 0.423884
25 124 2.09964
25 125 2.10442
25 126 2.10442
25 130 1.71665
25 137 0.366725
25 141 0.366725
25 143 0.825156
25 145 2.85163
25 153 1.74163
25 157 0.484508
25 160 1.80373
25 163 0.711566
25 164 0.261365
25 167 1.76556
25 171 0.382726
25 174 0.516257
25 181 0.57152
25 193 0.389198
25 201 0.527068
25 205 0.189044
25 207 2.07844
25 211 0.928195
25 214 0.877551
25 215 2.20727
25 218 3.2571
25 221 2.4098
25 225 1.79412
25 244 2.34081
25 247 0.711566
25 252 3.2571
25 253 1.65823
25 254 2.9924
25 255 2.94694
25 264 0.394896
25 283 0.143582
25 289 1.77562
25 293 1.09761
25 298 3.2571
25 303 1.5225
25 309 1.83282
25 313 1.05987
25 319 1.41127
25 320 1.35998
25 324 1.8129
25 327 1.80139
25 328 3.19738
25 330 1.49353
25 331 3.19994
25 332 2.34081
25 336 1.70767
25 346 1.11703
25 350 0.829349
25 353 1.55261
25 371 2.38163
26 16 1.0546
26 28 0.808941
26 41 0.997317
26 43 1.05999
26 48 1.29246
26 55 0.855527
26 65 2.37158
26 80 0.628092
26 82 0.941554
26 90 0.812616
26 99 0.99848
26 101 1.4535
26 115 1.63904
26 122 1.32803
26 154 3.08274
26 162 2.03383
26 237 1.63904
26 248 3.64009
26 260 2.31095
26 384 2.03383
26 398 0.939474
27 3 1.56902
27 4 0.905722
27 22 3.5913
27 28 0.840467
27 29 1.46637
27 38 1.25321
27 40 0.146617
27 41 1.01685
27 43 1.07295
27 55 0.893017
27 61 3.70908
27 74 0.50093
27 80 0.698169
27 82 0.969772
27 99 1.02195
27 118 0.341786
27 123 0.875869
27 136 0.413245
27 141 0.81871
27 185 2.58515
27 186 1.58788
27 188 1.88223
27 189 2.51283
27 190 3.27376
27 222 0.962142
27 228 3.5913
27 264 0.846881
27 288 0.182722
27 328 0.168123
27 330 1.56902
27 331 1.51186
27 342 2.51283
27 396 1.76317
28 2 0.183106
28 9 0.129919
28 16 0.778215
28 18 0.302016
28 23 0.736055
28 26 0.808941
28 27 0.840467
28 29 0.704713
28 32 0.981936
28 33 0.618272
28 36 0.33059
28 38 1.06148
28 39 0.823066
28 43 1.26594
28 45 1.4292
28 48 0.861064
28 49 0.33059
28 52 0.759889
28 53 1.25331
28 55 1.0575
28 61 0.946393
28 65 0.898998
28 66 0.786218
28 69 0.509583
28 71 0.888121
28 72 0.33059
28 73 0.882658
28 74 0.12812
28 82 1.19169
28 84 1.4292
28 85 1.00797
28 87 1.0461
28 99 1.10476
28 100 0.448373
28 101 1.05012
28 105 1.02374
28 106 0.512911
28 107 0.102331
28 110 0.205426
28 115 0.121298
28 121 0.795036
28 123 0.82119
28 124 1.14514
28 132 1.16094
28 135 0.949629
28 136 0.931186
28 139 0.736055
28 140 0.142393
28 141 0.831041
28 149 0.33059
28 151 0.225229
28 152 1.14152
28 154 0.736615
28 158 1.14152
28 159 0.176439
28 162 0.223104
28 169 0.736055
28 173 0.805048
28 175 0.176439
28 179 0.71855
28 180 0.33059
28 182 0.707074
28 184 0.966578
28 186 0.833206
28 188 1.26736
28 189 1.4292
28 190 1.4292
28 196 1.02374
28 204 0.736055
28 205 0.712524
28 207 0.0429075
28 209 0.176439
28 218 0.0942008
28 221 0.176439
28 222 0.952127
28 228 0.81092
28 231 0.448373
28 234 0.923777
28 235 1.4292
28 237 0.121298
28 238 1.2649
28 239 0.0623256
28 240 1.26215
28 244 0.512911
28 248 0.959639
28 258 0.176439
28 259 0.176439
28 260 0.890002
28 263 1.02374
28 264 0.823046
28 266 1.02374
28 275 0.399582
28 277 0.33059
28 278 0.625707
28 279 1.4292
28 282 0.276522
28 286 0.771272
28 294 0.810163
28 295 0.399582
28 299 0.792649
28 307 1.14152
28 308 0.959198
28 310 0.758577
28 311 0.0429075
28 325 0.715025
28 329 0.276522
28 331 0.148268
28 332 0.512911
28 335 0.810163
28 336 0.225229
28 339 0.985596
28 340 0.985596
28 341 1.34464
28 342 1.4292
28 345 1.4292
28 346 0.767282
28 352 1.4292
28 353 0.581904
28 359 0.807348
28 366 1.14152
28 377 0.512911
28 380 0.640745
28 381 0.33059
28 382 0.872076
28 387 0.417601
28 389 0.512911
28 394 0.512911
28 396 0.815028
28 398 0.426094
29 16 0.179127
29 22 1.61536
29 27 1.46637
29 28 0.704713
29 38 1.16142
29 41 0.893002
29 43 0.940773
29 53 1.30369
29 55 0.759071
29 73 3.27017
29 82 0.845139
29 90 0.328504
29 99 0.901544
29 222 0.830517
29 228 1.36719
30 1 0.206563
30 7 1.82016
30 8 0.194192
30 17 0.336662
30 18 1.65182
30 23 3.38877
30 25 1.05987
30 34 0.79352
30 37 1.44286
30 38 1.04697
30 40 0.7426
30 46 0.450672
30 49 2.98331
30 53 0.871078
30 62 2.08044
30 69 0.389715
30 74 0.953813
30 77 2.165
30 117 2.53436
30 118 0.93777
30 119 4.08192
30 120 1.63132
30 122 1.0492
30 137 1.41469
30 161 0.616186
30 170 2.67094
30 171 0.871078
30 174 1.56423
30 181 1.40545
30 188 0.93777
30 196 1.56215
30 197 0.616186
30 201 1.33249
30 202 1.16957
30 218 1.36063
30 247 1.68543
30 254 1.23701
30 255 1.19155
30 292 4.30507
30 293 1.56473
30 317 1.36063
30 318 0.667479
30 328 1.16957
30 350 1.47185
30 366 4.30507
30 369 0.654407
30 398 0.719412
31 1 1.26881
31 2 1.34084
31 8 1.25644
31 15 4.1595
31 17 1.25581
31 18 3.26411
31 20 3.35241
31 21 1.45579
31 25 2.92062
31 41 0.598747
31 46 1.36982
31 54 0.685179
31 55 0.450986
31 74 0.144255
31 93 0.888554
31 99 0.598747
31 116 4.11455
31 118 3.20399
31 122 0.298406
31 128 1.92809
31 143 0.871676
31 160 3.35241
31 167 3.79869
31 211 1.0235
31 214 0.972861
31 218 2.42287
31 222 0.437343
31 225 2.18766
31 232 2.21031
31 247 1.03002
31 254 2.81008
31 255 2.76462
31 277 3.17009
31 289 2.18309
31 298 3.79869
31 324 3.22724
31 327 3.35241
31 328 3.03032
31 350 2.5341
32 14 1.39634
32 16 1.56542
32 28 0.981936
32 41 1.04058
32 43 0.620362
32 55 0.892818
32 65 1.78379
32 69 0.389715
32 71 3.69893
32 80 0.826646
32 82 1.09288
32 90 0.95582
32 101 0.865716
32 115 2.14986
32 122 1.10278
32 132 3.26361
32 135 4.55638
32 140 2.12444
32 158 3.32424
32 162 2.54466
32 222 0.879176
32 231 3.7297
32 237 2.14986
32 238 2.60032
32 239 1.87732
32 240 3.53188
32 248 1.84192
32 260 1.72317
32 282 3.15239
32 329 3.15239
32 345 3.69893
32 382 1.933
32 384 2.54466
32 398 0.639369
33 1 1.01749
33 2 1.49499
33 8 1.00512
33 12 2.12653
33 15 2.72953
33 16 0.466809
33 17 1.0786
33 18 1.83415
33 21 1.66601
33 25 3.00578
33 28 0.618272
33 46 1.19261
33 54 1.12701
33 55 0.605136
33 69 0.79518
33 74 0.586088
33 80 0.406466
33 82 0.399732
33 90 0.616186
33 115 1.05125
33 116 3.0523
33 118 3.28915
33 122 0.740239
33 124 2.54148
33 140 1.02583
33 171 1.27654
33 202 0.764106
33 205 2.33562
33 207 2.14558
33 218 3.712
33 222 0.186028
33 237 1.05125
33 247 0.624554
33 254 2.33562
33 255 2.29016
33 328 3.11548
33 353 1.43238
33 398 0.351687
34 8 0.0962662
34 14 0.0820238
34 30 0.79352
34 37 0.939474
34 38 0.648939
34 39 0.487489
34 40 1.08651
34 41 0.285874
34 53 0.65537
34 55 0.138113
34 60 0.328157
34 64 3.10853
34 67 1.11936
34 69 0.174006
34 75 2.88538
34 108 1.10593
34 112 0.79352
34 113 1.22495
34 137 0.911303
34 155 2.2976
34 157 0.623621
34 161 0.112795
34 173 0.46947
34 177 2.00992
34 181 0.305167
34 197 0.112795
34 201 0.260716
34 202 0.702548
34 208 2.70306
34 217 0.305167
34 222 0.896743
34 246 1.2199
34 249 1.85576
34 256 1.21476
34 273 1.10856
34 283 0.282695
34 290 2.83659
34 293 0.83126
34 303 1.66161
34 313 1.19899
34 314 0.757153
34 317 0.857236
34 318 0.164089
34 323 3.39621
34 326 1.09482
34 332 2.47992
34 350 1.25614
34 358 1.55038
34 368 2.70306
34 369 0.151017
34 386 1.08502
34 390 1.85576
34 398 0.0788204
35 14 1.26755
35 43 1.09482
35 80 0.370098
35 82 1.05651
35 99 1.00421
35 122 0.968191
35 217 3.2571
35 222 0.842808
35 243 1.87276
35 250 3.4037
35 282 2.71055
35 311 2.98776
35 329 2.71055
35 365 3.35241
36 1 1.42296
36 2 0.801847
36 8 1.41059
36 10 1.41137
36 13 1.90884
36 17 0.924449
36 18 2.23961
36 24 4.01738
36 25 2.56395
36 28 0.33059
36 46 1.03846
36 70 4.55638
36 90 0.616186
36 118 2.44185
36 124 2.94694
36 130 4.96185
36 164 1.38385
36 175 5.65499
36 221 5.65499
36 247 1.10816
36 255 3.10109
36 328 2.26818
36 371 4.01738
37 1 1.07754
37 2 0.291021
37 8 1.06486
37 10 0.774719
37 12 1.6847
37 13 1.88607
37 18 0.476022
37 19 1.55951
37 25 0.394896
37 30 1.44286
37 34 0.939474
37 38 1.29828
37 40 1.17624
37 53 1.30471
37 60 1.67065
37 62 0.722319
37 74 1.38745
37 75 3.12926
37 77 4.04555
37 78 0.731368
37 88 2.82178
37 91 3.98102
37 93 1.35856
37 112 2.13601
37 114 0.356675
37 115 0.540426
37 118 0.678259
37 122 0.298406
37 137 1.51624
37 140 0.515001
37 142 2.94694
37 143 1.34168
37 150 3.50194
37 151 2.43612
37 157 4.01381
37 161 0.356675
37 162 0.0879209
37 164 0.76214
37 174 2.40333
37 181 1.64766
37 188 0.272793
37 193 0.261365
37 197 0.356675
37 201 1.60321
37 202 0.792277
37 205 1.38297
37 213 3.35241
37 224 3.80917
37 227 3.12926
37 237 0.540426
37 238 1.24219
37 247 0.24726
37 249 2.09964
37 251 3.35241
37 281 1.78314
37 285 2.82178
37 288 0.519194
37 290 2.79279
37 293 1.48061
37 301 2.94694
37 302 2.79279
37 313 1.47574
37 318 0.407968
37 332 4.04555
37 338 1.84833
37 343 1.71018
37 350 1.90549
37 368 1.52313
37 369 0.394896
37 384 0.0879209
38 1 0.0619818
38 4 0.440833
38 8 0.0496105
38 22 3.12641
38 27 1.25321
38 28 1.06148
38 29 1.16142
38 30 1.04697
38 34 0.648939
38 37 1.29828
38 40 0.0871932
38 41 1.44604
38 43 1.71897
38 48 2.3279
38 53 1.23137
38 55 1.31733
38 60 0.869288
38 74 0.623828
38 77 1.50959
38 78 0.623155
38 80 0.549566
38 82 1.51739
38 90 1.04697
38 91 1.16475
38 99 1.44604
38 108 1.16853
38 112 1.14589
38 113 2.3279
38 123 0.41098
38 136 0.353822
38 137 1.45243
38 141 0.353822
38 150 0.908819
38 151 1.21389
38 157 1.3879
38 164 0.248461
38 174 1.60197
38 181 0.846298
38 184 0.236039
38 185 2.26336
38 186 1.30529
38 189 2.19104
38 190 2.80888
38 192 1.15141
38 201 0.801847
38 205 0.581606
38 208 2.95651
38 218 0.299755
38 222 1.37645
38 224 0.992902
38 228 3.12641
38 264 0.381993
38 281 1.16475
38 283 0.130678
38 288 0.123298
38 293 1.08471
38 313 1.04697
38 317 0.299755
38 330 1.10413
38 331 1.04697
38 341 0.326423
38 342 2.19104
38 343 0.503354
38 350 0.41098
38 358 1.90919
38 360 1.19463
38 396 1.29828
38 398 0.0380298
39 1 1.01923
39 2 1.05598
39 8 1.00565
39 21 0.549047
39 24 1.80181
39 28 0.823066
39 34 0.487489
39 42 1.04804
39 43 0.196547
39 48 0.844697
39 54 1.51413
39 55 0.529629
39 65 2.09395
39 69 1.44181
39 72 2.49496
39 74 0.316425
39 80 0.330958
39 84 3.1881
39 85 3.23066
39 90 1.0033
39 99 0.552226
39 101 0.441902
39 122 0.634878
39 134 0.143582
39 136 1.68403
39 155 1.53153
39 156 1.62221
39 173 1.43945
39 177 3.12357
39 180 2.90042
39 185 1.29098
39 188 0.513956
39 189 1.21866
39 202 0.340292
39 217 1.48336
39 222 0.573144
39 239 0.354891
39 241 2.08949
39 247 0.20074
39 254 0.525516
39 255 0.480054
39 260 2.03332
39 277 2.20727
39 288 1.31997
39 294 2.82038
39 303 3.15825
39 321 1.0033
39 335 2.82038
39 339 2.49496
39 340 2.49496
39 341 1.36895
39 342 1.21866
39 343 1.95134
39 371 1.80181
39 390 3.35241
39 398 1.18064
40 0 1.49946
40 2 0.940683
40 7 0.63724
40 8 0.892644
40 10 0.767601
40 12 0.761292
40 13 0.492658
40 27 0.146617
40 30 0.7426
40 34 1.08651
40 37 1.17624
40 38 0.0871932
40 41 0.368485
40 43 0.507884
40 48 0.657042
40 51 2.65214
40 53 0.134446
40 54 0.817823
40 55 0.561651
40 60 0.970384
40 63 0.557197
40 64 2.36446
40 65 0.130868
40 66 2.65214
40 77 1.42837
40 78 1.53518
40 80 0.0678635
40 82 0.668621
40 85 1.59609
40 88 1.43375
40 91 1.26585
40 99 0.368485
40 104 0.993914
40 134 1.6445
40 136 0.965744
40 137 1.14807
40 138 1.55353
40 140 0.353733
40 142 1.55353
40 143 0.507884
40 150 0.60445
40 157 0.978166
40 161 0.467341
40 163 0.106611
40 164 0.755023
40 173 0.41855
40 174 0.60445
40 179 1.11357
40 181 0.947394
40 185 0.572701
40 188 0.265676
40 189 0.970384
40 197 0.467341
40 201 1.02073
40 203 1.19475
40 205 0.682702
40 210 2.65214
40 213 1.959
40 216 1.14807
40 219 0.383459
40 222 0.479016
40 224 1.094
40 237 0.379158
40 241 1.14807
40 245 2.429
40 249 1.19388
40 256 2.65214
40 257 1.18581
40 258 1.39938
40 259 1.39938
40 260 0.0702437
40 267 0.63724
